0,0,0.592593,0.753086,0.753086,0.753086,0.753086
1,0,0.444444,0.444444,0.975308,0.74074,0.74074
2,0,0.444444,0.444444,0.975308,0.74074,0.74074
2,1,0.222222,0.222222,1,1,0.777777
2,2,0.555556,0.666666,1,1,0.777777
2,3,0.592593,0.753086,0.753086,0.753086,0.753086
2,4,0.592593,0.753086,0.753086,0.753086,0.753086
2,5,0.444444,0.481481,0.925925,0.839506,0.74074
2,6,0.444444,0.444444,0.74074,0.975308,0.74074
2,7,0.555556,0.666666,1,0.777777,1
2,8,0.444444,0.444444,0.74074,0.74074,0.975308
2,9,0.259259,0.407407,0.802469,0.407407,0.703703
2,10,0.444444,0.666666,0.864197,0.444444,0.74074
2,11,0.333333,0.444444,1,0.444444,1
2,12,0.444444,0.666666,0.74074,0.444444,0.975308
2,13,0.259259,0.333333,0.950617,0.703703,0.333333
2,14,0.333333,0.444444,1,1,0.444444
3,0,0.333333,0.333333,1,1,0.777777
3,1,0.666667,0.666666,1,0.888888,0.888888
3,2,0.555556,0.666666,1,1,0.777777
3,3,0.333333,0.333333,0.925925,1,0.777777
3,4,0.444444,0.666666,0.864197,0.444444,0.74074
3,5,0.444444,0.666666,0.864197,0.444444,0.74074
3,6,0.37037,0.444444,0.864197,0.592592,0.74074
3,7,0.259259,0.592592,0.802469,0.333333,0.703703
3,8,0.444444,0.555555,1,0.666666,0.925925
3,9,0.333333,0.444444,0.851851,0.444444,1
3,10,0.666667,0.666666,0.888888,1,0.888888
3,11,0.666667,0.666666,0.888888,1,0.888888
3,12,0.333333,0.333333,0.925925,0.925925,0.777777
3,13,0.444444,0.444444,0.74074,0.975308,0.74074
3,14,0.333333,0.333333,1,1,0.777777
3,15,0.555556,0.666666,0.777777,1,1
3,16,0.222222,0.666666,1,1,0.222222
3,17,0.222222,0.222222,0.925925,1,0.777777
3,18,0.333333,0.444444,1,1,0.444444
3,19,0.333333,0.333333,1,1,1
3,20,0.666667,0.666666,0.888888,1,0.888888
3,21,0.666667,0.666666,0.888888,1,0.888888
3,22,0.555556,0.666666,1,1,0.777777
3,23,0.444444,0.444444,0.74074,0.975308,0.74074
3,24,0.333333,0.333333,1,1,0.777777
3,25,0.222222,0.222222,0.777777,1,1
3,26,0.666667,0.666666,1,0.888888,0.888888
3,27,0.555556,0.666666,1,1,0.777777
3,28,0.444444,0.444444,0.975308,0.74074,0.74074
3,29,0.555556,0.666666,1,0.777777,1
3,30,0.444444,0.74074,0.864197,0.74074,0.444444
3,31,0.555556,0.777777,1,0.925925,0.555555
3,32,0.333333,0.444444,1,0.851851,0.444444
3,33,0.444444,0.555555,1,0.925925,0.666666
3,34,0.345679,0.839506,0.691358,0.345679,0.691358
3,35,0.345679,0.839506,0.691358,0.345679,0.691358
3,36,0.444444,0.74074,0.74074,0.444444,0.975308
3,37,0.345679,0.839506,0.691358,0.691358,0.345679
3,38,0.345679,0.839506,0.691358,0.691358,0.345679
3,39,0.444444,0.74074,0.74074,0.975308,0.444444
3,40,0.444444,0.839506,0.666666,0.481481,0.74074
3,41,0.444444,0.839506,0.666666,0.444444,0.74074
3,42,0.222222,0.925925,0.444444,0.333333,1
3,43,0.592593,0.753086,0.753086,0.753086,0.753086
3,44,0.592593,0.753086,0.753086,0.753086,0.753086
3,45,0.555556,0.555555,0.962963,0.888888,1
3,46,0.444444,0.666666,0.74074,0.975308,0.444444
3,47,0.345679,0.345679,0.839506,0.691358,0.580247
3,48,0.259259,0.333333,0.802469,0.851851,0.333333
3,49,0.444444,0.444444,0.925925,0.839506,0.666666
3,50,0.259259,0.333333,0.851851,0.753086,0.333333
3,51,0.592593,0.753086,0.753086,0.753086,0.753086
3,52,0.444444,0.74074,0.925925,0.839506,0.481481
3,53,0.222222,0.222222,0.925925,0.925925,0.777777
3,54,0.444444,0.444444,0.74074,0.839506,0.666666
3,55,0.333333,0.444444,0.851851,0.444444,1
3,56,0.259259,0.407407,0.703703,0.407407,0.802469
3,57,0.444444,0.666666,0.666666,0.444444,0.975308
3,58,0.444444,0.481481,0.925925,0.839506,0.74074
3,59,0.444444,0.666666,0.74074,0.444444,0.864197
3,60,0.592593,0.753086,0.753086,0.753086,0.753086
3,61,0.148148,0.37037,0.753086,0.37037,0.37037
3,62,0.148148,0.37037,0.753086,0.37037,0.37037
4,0,0.666667,0.666666,1,1,0.888888
4,1,0.666667,0.666666,1,1,0.888888
4,2,0.333333,0.333333,0.925925,0.925925,0.777777
4,3,0.333333,0.333333,0.925925,1,0.777777
4,4,0.333333,0.333333,1,1,0.777777
4,5,0.333333,0.333333,1,1,1
4,6,0.666667,0.666666,1,0.888888,0.888888
4,7,0.666667,0.666666,1,0.888888,0.888888
4,8,0.333333,0.333333,1,0.925925,0.777777
4,9,0.444444,0.444444,0.975308,0.74074,0.74074
4,10,0.333333,0.333333,1,1,0.777777
4,11,0.333333,0.333333,1,0.777777,1
4,12,0.222222,0.777777,0.925925,1,0.222222
4,13,0.222222,0.777777,0.925925,1,0.222222
4,14,0.333333,0.333333,1,1,0.777777
4,15,0.333333,0.444444,1,1,0.444444
4,16,0.333333,0.333333,1,0.925925,0.777777
4,17,0.333333,0.444444,0.851851,1,0.444444
4,18,0.592593,0.753086,0.753086,0.753086,0.753086
4,19,0.666667,0.666666,0.888888,1,0.888888
4,20,0.666667,0.666666,0.888888,1,0.888888
4,21,0.666667,0.666666,0.888888,0.888888,1
4,22,0.345679,0.691358,0.839506,0.345679,0.691358
4,23,0.345679,0.691358,0.839506,0.345679,0.691358
4,24,0.444444,0.666666,0.839506,0.481481,0.74074
4,25,0.444444,0.666666,0.839506,0.444444,0.74074
4,26,0.444444,0.666666,0.962963,0.555555,0.962963
4,27,0.222222,0.666666,0.925925,0.333333,1
4,28,0.345679,0.839506,0.691358,0.691358,0.345679
4,29,0.345679,0.691358,0.691358,0.691358,0.345679
4,30,0.444444,0.666666,0.839506,0.74074,0.481481
4,31,0.444444,0.666666,0.839506,0.74074,0.444444
4,32,0.444444,0.777777,0.814814,0.91358,0.481481
4,33,0.444444,0.666666,0.74074,0.975308,0.444444
4,34,0.444444,0.555555,0.74074,0.925925,0.777777
4,35,0.333333,0.333333,1,0.777777,1
4,36,0.740741,0.888888,0.962963,0.888888,0.814814
4,37,0.592593,0.666666,0.962963,0.888888,0.814814
4,38,0.444444,0.444444,0.839506,0.74074,0.74074
4,39,0.444444,0.444444,0.839506,0.666666,0.74074
4,40,0.555556,0.666666,1,0.777777,1
4,41,0.444444,0.555555,0.925925,0.666666,1
4,42,0.333333,0.777777,0.925925,0.925925,0.333333
4,43,0.444444,0.555555,0.925925,0.925925,0.666666
4,44,0.333333,0.444444,0.851851,0.851851,0.444444
4,45,0.444444,0.555555,0.925925,0.925925,0.666666
4,46,0.259259,0.407407,0.851851,0.802469,0.333333
4,47,0.222222,0.222222,0.777777,1,1
4,48,0.814815,1,1,0.888888,0.888888
4,49,0.666667,0.666666,1,0.888888,0.888888
4,50,0.444444,0.444444,0.839506,0.74074,0.74074
4,51,0.333333,0.333333,1,1,0.777777
4,52,0.333333,0.333333,0.925925,0.777777,1
4,53,0.345679,0.580247,0.839506,0.691358,0.345679
4,54,0.444444,0.555555,0.925925,0.925925,0.666666
4,55,0.333333,0.444444,0.851851,0.851851,0.444444
4,56,0.444444,0.555555,0.925925,0.925925,0.666666
4,57,0.259259,0.407407,0.851851,0.802469,0.333333
4,58,0.444444,0.666666,0.864197,0.444444,0.74074
4,59,0.444444,0.666666,0.864197,0.444444,0.74074
4,60,0.555556,0.777777,1,0.555555,1
4,61,0.197531,0.753086,0.493827,0.246914,0.246914
4,62,0.345679,0.691358,0.839506,0.345679,0.580247
4,63,0.197531,0.641975,0.753086,0.246914,0.358025
4,64,0.345679,0.691358,0.839506,0.345679,0.580247
4,65,0.444444,0.666666,0.864197,0.666666,0.481481
4,66,0.444444,0.666666,0.864197,0.74074,0.444444
4,67,0.444444,0.666666,0.864197,0.444444,0.74074
4,68,0.555556,0.777777,1,0.555555,1
4,69,0.333333,0.777777,0.925925,0.333333,1
4,70,0.259259,0.703703,0.802469,0.407407,0.407407
4,71,0.259259,0.555555,0.802469,0.407407,0.407407
4,72,0.259259,0.555555,0.802469,0.407407,0.407407
4,73,0.444444,0.666666,0.864197,0.74074,0.481481
4,74,0.222222,0.666666,0.925925,0.925925,0.222222
4,75,0.259259,0.407407,0.802469,0.407407,0.703703
4,76,0.333333,0.444444,0.851851,0.444444,1
4,77,0.148148,0.37037,0.753086,0.37037,0.37037
4,78,0.148148,0.37037,0.753086,0.37037,0.37037
4,79,0.37037,0.444444,0.864197,0.74074,0.592592
4,80,0.259259,0.592592,0.753086,0.851851,0.333333
4,81,0.333333,0.444444,1,0.444444,0.851851
4,82,0.333333,0.444444,1,0.444444,1
4,83,0.148148,0.37037,0.753086,0.37037,0.37037
4,84,0.259259,0.444444,0.975308,0.666666,0.407407
4,85,0.259259,0.592592,0.753086,0.851851,0.333333
4,86,0.333333,0.444444,0.851851,0.444444,0.851851
4,87,0.444444,0.444444,0.975308,0.74074,0.74074
4,88,0.444444,0.555555,1,0.925925,0.666666
4,89,0.444444,0.444444,0.975308,0.74074,0.74074
4,90,0.740741,0.888888,0.888888,1,0.814814
4,91,0.740741,0.888888,0.888888,1,0.814814
4,92,0.888889,0.888888,0.888888,0.962963,0.962963
4,93,0.592593,0.753086,0.753086,0.753086,0.753086
4,94,0.592593,0.753086,0.753086,0.753086,0.753086
4,95,0.666667,0.666666,1,1,0.888888
4,96,0.592593,0.666666,0.962963,0.814814,0.888888
4,97,0.666667,0.666666,0.888888,1,1
4,98,0.666667,0.666666,0.888888,0.888888,1
4,99,0.444444,0.74074,0.74074,0.975308,0.444444
4,100,0.444444,0.74074,0.74074,0.975308,0.444444
4,101,0.444444,0.666666,0.962963,1,0.555555
4,102,0.444444,0.666666,0.925925,1,0.555555
4,103,0.444444,0.666666,0.74074,0.975308,0.481481
4,104,0.444444,0.666666,0.74074,0.975308,0.444444
4,105,0.592593,0.666666,0.888888,1,0.814814
4,106,0.888889,0.888888,0.888888,0.962963,0.962963
4,107,0.666667,0.888888,0.666666,0.962963,1
4,108,0.592593,0.753086,0.753086,0.753086,0.753086
4,109,0.814815,1,0.888888,0.888888,1
4,110,0.814815,1,0.888888,0.888888,1
4,111,0.333333,0.777777,0.925925,1,0.333333
4,112,0.222222,0.777777,0.925925,1,0.222222
4,113,0.444444,0.666666,0.925925,1,0.555555
4,114,0.555556,0.555555,0.777777,0.925925,1
4,115,0.333333,0.333333,0.925925,0.925925,0.777777
4,116,0.444444,0.555555,0.925925,0.74074,0.777777
4,117,0.333333,0.333333,1,1,0.777777
4,118,0.555556,0.666666,1,0.777777,1
4,119,0.444444,0.666666,0.74074,0.975308,0.444444
4,120,0.333333,0.333333,0.925925,0.925925,0.777777
4,121,0.333333,0.444444,0.851851,0.851851,0.444444
4,122,0.333333,0.333333,0.925925,0.925925,0.777777
4,123,0.259259,0.333333,0.851851,0.802469,0.333333
4,124,0.444444,0.555555,0.666666,1,1
4,125,0.333333,0.333333,0.925925,0.925925,0.777777
4,126,0.333333,0.333333,0.777777,0.925925,1
4,127,0.333333,0.444444,0.851851,0.851851,0.444444
4,128,0.259259,0.333333,0.851851,0.802469,0.333333
4,129,0.555556,0.666666,1,0.777777,1
4,130,0.666667,0.666666,0.962963,1,0.888888
4,131,0.740741,0.888888,0.814814,1,0.888888
4,132,0.333333,0.333333,0.925925,1,0.777777
4,133,0.222222,0.222222,1,1,0.444444
4,134,0.333333,0.333333,0.925925,0.925925,0.777777
4,135,0.222222,0.333333,0.925925,1,0.666666
4,136,0.444444,0.444444,0.74074,0.74074,0.975308
4,137,0.666667,0.666666,0.888888,1,0.888888
4,138,0.666667,0.666666,0.888888,1,0.888888
4,139,0.333333,0.333333,0.925925,1,0.777777
4,140,0.555556,0.666666,0.777777,1,1
4,141,0.444444,0.444444,0.74074,0.975308,0.74074
4,142,0.222222,0.666666,1,1,0.222222
4,143,0.444444,0.666666,1,1,0.555555
4,144,0.333333,0.444444,0.851851,1,0.444444
4,145,0.333333,0.444444,1,1,0.444444
4,146,0.666667,0.666666,0.888888,1,1
4,147,0.333333,0.333333,0.777777,1,1
4,148,0.740741,0.888888,0.888888,1,0.814814
4,149,0.592593,0.753086,0.753086,0.753086,0.753086
4,150,0.666667,0.666666,1,1,0.888888
4,151,0.666667,0.666666,1,0.888888,0.888888
4,152,0.444444,0.74074,0.777777,0.925925,0.555555
4,153,0.345679,0.580247,0.839506,0.691358,0.345679
4,154,0.444444,0.666666,0.74074,0.864197,0.481481
4,155,0.592593,0.666666,0.888888,1,0.814814
4,156,0.444444,0.666666,0.666666,1,1
4,157,0.592593,0.753086,0.753086,0.753086,0.753086
4,158,0.666667,0.666666,0.888888,0.888888,1
4,159,0.345679,0.691358,0.839506,0.691358,0.345679
4,160,0.444444,0.74074,0.925925,0.839506,0.481481
4,161,0.444444,0.666666,0.962963,0.962963,0.555555
4,162,0.333333,0.333333,0.777777,0.925925,1
4,163,0.666667,0.666666,1,1,0.888888
4,164,0.555556,0.666666,1,1,0.777777
4,165,0.444444,0.444444,0.839506,0.74074,0.74074
4,166,0.259259,0.407407,0.802469,0.851851,0.333333
4,167,0.444444,0.555555,0.925925,0.925925,0.666666
4,168,0.592593,0.666666,0.814814,0.962963,0.888888
4,169,0.555556,0.666666,1,1,0.777777
4,170,0.444444,0.666666,0.925925,0.839506,0.444444
4,171,0.259259,0.407407,0.802469,0.851851,0.333333
4,172,0.444444,0.444444,0.74074,0.864197,0.666666
4,173,0.333333,0.333333,0.777777,1,1
4,174,0.333333,0.333333,0.925925,0.777777,1
4,175,0.444444,0.444444,0.74074,0.74074,0.975308
4,176,0.333333,0.333333,0.925925,1,0.777777
4,177,0.740741,0.888888,1,0.888888,0.814814
4,178,0.444444,0.74074,0.975308,0.74074,0.444444
4,179,0.444444,0.666666,0.975308,0.74074,0.444444
4,180,0.444444,0.666666,1,0.962963,0.555555
4,181,0.444444,0.666666,0.975308,0.666666,0.444444
4,182,0.259259,0.592592,0.802469,0.703703,0.333333
4,183,0.444444,0.555555,0.925925,0.925925,0.666666
4,184,0.259259,0.592592,0.802469,0.703703,0.333333
4,185,0.37037,0.444444,0.975308,0.74074,0.592592
4,186,0.333333,0.444444,1,0.851851,0.444444
4,187,0.197531,0.753086,0.641975,0.358025,0.358025
4,188,0.345679,0.839506,0.691358,0.345679,0.580247
4,189,0.197531,0.753086,0.753086,0.246914,0.246914
4,190,0.345679,0.839506,0.691358,0.345679,0.580247
4,191,0.345679,0.839506,0.691358,0.691358,0.345679
4,192,0.345679,0.839506,0.691358,0.691358,0.345679
4,193,0.345679,0.839506,0.691358,0.580247,0.345679
4,194,0.259259,0.753086,0.703703,0.407407,0.407407
4,195,0.345679,0.691358,0.839506,0.580247,0.345679
4,196,0.333333,0.851851,0.851851,0.444444,0.444444
4,197,0.444444,0.74074,0.74074,0.839506,0.444444
4,198,0.444444,0.74074,0.74074,0.839506,0.444444
4,199,0.345679,0.839506,0.691358,0.345679,0.691358
4,200,0.444444,0.74074,0.74074,0.444444,0.839506
4,201,0.345679,0.691358,0.839506,0.345679,0.691358
4,202,0.444444,0.74074,0.74074,0.444444,0.839506
4,203,0.592593,0.753086,0.753086,0.753086,0.753086
4,204,0.592593,0.753086,0.753086,0.753086,0.753086
4,205,0.197531,0.753086,0.641975,0.358025,0.358025
4,206,0.197531,0.753086,0.753086,0.246914,0.246914
4,207,0.444444,0.74074,0.925925,0.777777,0.555555
4,208,0.259259,0.753086,0.703703,0.407407,0.407407
4,209,0.333333,0.851851,0.851851,0.444444,0.444444
4,210,0.222222,0.666666,0.925925,0.925925,0.333333
4,211,0.592593,0.753086,0.753086,0.753086,0.753086
5,0,1,1,1,1,1
5,1,0.666667,0.666666,0.888888,1,0.888888
5,2,0.666667,0.666666,0.888888,1,0.888888
5,3,0.666667,0.666666,0.888888,1,1
5,4,1,1,1,1,1
5,5,0.814815,1,1,0.888888,0.888888
5,6,0.666667,0.666666,1,1,0.888888
5,7,0.666667,0.666666,1,0.888888,0.888888
5,8,0.666667,0.666666,1,1,1
5,9,0.666667,0.666666,1,0.888888,1
5,10,0.444444,0.666666,0.74074,0.975308,0.444444
5,11,0.444444,0.666666,0.74074,0.975308,0.444444
5,12,0.444444,0.666666,0.962963,1,0.555555
5,13,0.222222,0.777777,0.925925,1,0.222222
5,14,0.444444,0.777777,0.74074,1,0.555555
5,15,0.444444,0.666666,0.74074,0.975308,0.444444
5,16,0.666667,0.666666,0.888888,1,0.888888
5,17,0.666667,0.666666,0.888888,1,1
5,18,1,1,1,1,1
5,19,0.814815,1,1,0.888888,0.888888
5,20,0.666667,0.666666,1,1,0.888888
5,21,0.666667,0.666666,1,0.888888,0.888888
5,22,0.666667,0.666666,1,1,1
5,23,0.666667,0.666666,1,0.888888,1
5,24,0.333333,0.777777,0.925925,1,0.333333
5,25,0.222222,0.777777,0.925925,1,0.222222
5,26,0.444444,0.555555,0.962963,1,0.666666
5,27,0.222222,0.444444,0.925925,1,0.222222
5,28,0.444444,0.555555,0.962963,1,0.555555
5,29,0.222222,0.444444,0.925925,1,0.333333
5,30,0.444444,0.555555,0.74074,0.925925,0.777777
5,31,0.333333,0.333333,1,1,1
5,32,0.666667,0.666666,1,1,0.888888
5,33,0.666667,0.666666,1,1,0.888888
5,34,0.333333,0.333333,0.925925,0.925925,0.777777
5,35,0.444444,0.555555,0.925925,0.74074,0.777777
5,36,0.333333,0.333333,1,1,0.777777
5,37,0.333333,0.333333,1,0.777777,1
5,38,0.444444,0.666666,0.925925,1,0.555555
5,39,0.222222,0.333333,0.925925,1,0.666666
5,40,0.333333,0.444444,0.851851,0.851851,0.444444
5,41,0.555556,0.555555,0.925925,0.925925,0.777777
5,42,0.259259,0.333333,0.851851,0.950617,0.333333
5,43,0.333333,0.333333,1,1,0.777777
5,44,0.333333,0.333333,0.777777,1,1
5,45,0.666667,0.666666,1,1,0.888888
5,46,0.666667,0.666666,1,1,0.888888
5,47,0.333333,0.333333,0.925925,0.925925,0.777777
5,48,0.333333,0.333333,1,1,0.777777
5,49,0.333333,0.333333,1,1,1
5,50,0.444444,0.666666,0.925925,1,0.555555
5,51,0.222222,0.333333,0.925925,1,0.666666
5,52,0.333333,0.444444,0.851851,0.851851,0.444444
5,53,0.555556,0.555555,0.925925,0.925925,0.777777
5,54,0.259259,0.333333,0.851851,0.950617,0.333333
5,55,0.666667,0.666666,1,0.888888,1
5,56,0.333333,0.333333,1,1,0.777777
5,57,0.333333,0.333333,1,1,1
5,58,0.333333,0.333333,1,1,0.777777
5,59,0.333333,0.333333,0.925925,0.777777,0.925925
5,60,0.666667,0.666666,1,0.888888,1
5,61,0.333333,0.333333,1,1,1
5,62,0.333333,0.333333,0.925925,0.777777,1
5,63,0.333333,0.333333,1,1,1
5,64,0.333333,0.333333,0.925925,0.777777,1
5,65,0.666667,0.666666,1,1,0.888888
5,66,0.333333,0.333333,0.925925,1,0.777777
5,67,0.333333,0.333333,1,1,1
5,68,0.333333,0.333333,0.925925,1,0.777777
5,69,0.740741,0.888888,1,0.888888,0.814814
5,70,0.592593,0.666666,1,0.888888,0.814814
5,71,0.592593,0.666666,1,0.888888,0.814814
5,72,0.555556,0.555555,1,0.888888,0.962963
5,73,0.444444,0.666666,0.864197,0.74074,0.444444
5,74,0.444444,0.666666,0.864197,0.74074,0.444444
5,75,0.444444,0.666666,0.864197,0.74074,0.481481
5,76,0.444444,0.666666,0.864197,0.74074,0.444444
5,77,0.444444,0.666666,1,0.925925,0.555555
5,78,0.518519,0.555555,1,0.888888,0.814814
5,79,0.555556,0.555555,1,0.888888,0.962963
5,80,0.444444,0.666666,1,0.666666,1
5,81,0.333333,0.777777,0.925925,0.925925,0.333333
5,82,0.333333,0.777777,0.925925,0.925925,0.333333
5,83,0.444444,0.666666,0.925925,0.925925,0.555555
5,84,0.444444,0.666666,0.925925,0.925925,0.555555
5,85,0.444444,0.444444,0.864197,0.666666,0.74074
5,86,0.333333,0.333333,1,0.777777,1
5,87,0.555556,0.777777,0.925925,0.925925,0.555555
5,88,0.555556,0.555555,0.925925,0.925925,0.777777
5,89,0.259259,0.407407,0.753086,0.851851,0.333333
5,90,0.333333,0.444444,0.851851,0.851851,0.444444
5,91,0.555556,0.555555,1,0.777777,0.925925
5,92,0.222222,0.333333,1,0.666666,1
5,93,0.222222,0.777777,0.925925,0.925925,0.222222
5,94,0.444444,0.444444,0.975308,0.74074,0.666666
5,95,0.259259,0.407407,0.753086,0.851851,0.333333
5,96,0.333333,0.444444,0.851851,0.851851,0.444444
5,97,0.333333,0.333333,1,0.777777,0.925925
5,98,0.444444,0.666666,1,0.962963,0.666666
5,99,0.555556,0.555555,1,0.962963,0.888888
5,100,0.333333,0.333333,1,0.925925,0.777777
5,101,0.444444,0.555555,1,0.925925,0.666666
5,102,0.666667,0.666666,1,0.888888,0.888888
5,103,0.666667,0.666666,1,0.888888,0.888888
5,104,0.333333,0.333333,1,0.777777,0.925925
5,105,0.444444,0.444444,0.975308,0.74074,0.74074
5,106,0.333333,0.333333,1,0.925925,0.777777
5,107,0.333333,0.777777,0.925925,1,0.333333
5,108,0.444444,0.666666,1,1,0.555555
5,109,0.222222,0.777777,1,1,0.222222
5,110,0.444444,0.666666,1,1,0.555555
5,111,0.444444,0.666666,1,1,0.555555
5,112,0.222222,0.777777,0.925925,1,0.222222
5,113,0.333333,0.444444,0.851851,1,0.444444
5,114,0.333333,0.444444,0.851851,1,0.444444
5,115,0.333333,0.444444,1,0.851851,0.444444
5,116,0.333333,0.444444,1,1,0.444444
5,117,0.345679,0.691358,0.691358,0.345679,0.691358
5,118,0.345679,0.691358,0.691358,0.345679,0.691358
5,119,0.444444,0.74074,0.74074,0.444444,0.975308
5,120,0.592593,0.753086,0.753086,0.753086,0.753086
5,121,0.592593,0.753086,0.753086,0.753086,0.753086
5,122,0.592593,0.777777,0.753086,0.814814,0.814814
5,123,0.592593,0.666666,0.962963,0.888888,0.814814
5,124,0.666667,0.666666,0.888888,0.888888,1
5,125,0.592593,0.666666,0.814814,0.888888,1
5,126,0.444444,0.74074,0.666666,0.975308,0.444444
5,127,0.444444,0.74074,0.777777,1,0.555555
5,128,0.444444,0.666666,0.74074,0.864197,0.481481
5,129,0.444444,0.666666,0.74074,0.864197,0.444444
5,130,0.444444,0.666666,0.666666,0.864197,0.481481
5,131,0.444444,0.666666,0.666666,0.975308,0.444444
5,132,0.666667,0.666666,0.888888,1,1
5,133,0.592593,0.753086,0.753086,0.753086,0.753086
5,134,0.592593,0.777777,0.753086,0.814814,0.814814
5,135,0.666667,0.666666,0.888888,1,1
5,136,0.666667,0.666666,0.888888,0.888888,1
5,137,0.444444,0.74074,0.777777,0.925925,0.555555
5,138,0.444444,0.666666,0.74074,0.839506,0.481481
5,139,0.345679,0.580247,0.691358,0.691358,0.345679
5,140,0.444444,0.666666,0.74074,0.864197,0.481481
5,141,0.444444,0.666666,0.74074,0.864197,0.444444
5,142,0.444444,0.666666,0.74074,0.444444,0.975308
5,143,0.444444,0.666666,0.962963,0.555555,0.962963
5,144,0.444444,0.666666,0.74074,0.481481,0.864197
5,145,0.444444,0.666666,0.74074,0.444444,0.975308
5,146,0.592593,0.753086,0.753086,0.753086,0.753086
5,147,0.592593,0.753086,0.753086,0.753086,0.753086
5,148,0.592593,0.777777,0.753086,0.814814,0.814814
5,149,0.592593,0.666666,0.962963,0.814814,0.888888
5,150,0.666667,0.666666,0.888888,1,0.888888
5,151,0.592593,0.666666,0.814814,1,0.888888
5,152,0.345679,0.839506,0.839506,0.345679,0.691358
5,153,0.444444,0.74074,0.839506,0.444444,0.74074
5,154,0.444444,0.74074,0.839506,0.444444,0.74074
5,155,0.555556,0.777777,1,0.666666,1
5,156,0.197531,0.753086,0.641975,0.246914,0.246914
5,157,0.345679,0.691358,0.691358,0.345679,0.580247
5,158,0.197531,0.753086,0.641975,0.246914,0.358025
5,159,0.345679,0.691358,0.691358,0.345679,0.580247
5,160,0.345679,0.839506,0.691358,0.580247,0.345679
5,161,0.345679,0.839506,0.691358,0.691358,0.345679
5,162,0.444444,0.74074,0.839506,0.444444,0.74074
5,163,0.333333,0.777777,0.925925,0.333333,1
5,164,0.333333,0.777777,0.925925,0.333333,1
5,165,0.345679,0.691358,0.691358,0.580247,0.345679
5,166,0.259259,0.703703,0.851851,0.444444,0.444444
5,167,0.345679,0.691358,0.839506,0.580247,0.345679
5,168,0.259259,0.703703,0.753086,0.407407,0.407407
5,169,0.444444,0.74074,0.74074,0.839506,0.444444
5,170,0.444444,0.74074,0.74074,0.839506,0.444444
5,171,0.444444,0.666666,0.839506,0.444444,0.74074
5,172,0.444444,0.666666,0.925925,0.555555,1
5,173,0.345679,0.580247,0.839506,0.345679,0.580247
5,174,0.246914,0.493827,0.753086,0.506173,0.506173
5,175,0.197531,0.493827,0.753086,0.358025,0.358025
5,176,0.444444,0.666666,0.839506,0.74074,0.481481
5,177,0.444444,0.666666,0.839506,0.74074,0.444444
5,178,0.444444,0.666666,0.925925,0.555555,0.925925
5,179,0.222222,0.666666,0.925925,0.333333,1
5,180,0.345679,0.691358,0.691358,0.580247,0.345679
5,181,0.259259,0.555555,0.753086,0.407407,0.407407
5,182,0.259259,0.555555,0.753086,0.407407,0.407407
5,183,0.345679,0.679012,0.753086,0.753086,0.419753
5,184,0.444444,0.666666,0.925925,0.839506,0.444444
5,185,0.444444,0.666666,0.925925,0.555555,1
5,186,0.345679,0.691358,0.839506,0.345679,0.580247
5,187,0.555556,0.777777,0.925925,0.555555,0.925925
5,188,0.444444,0.666666,0.839506,0.481481,0.74074
5,189,0.444444,0.666666,0.839506,0.481481,0.74074
5,190,0.666667,0.666666,1,0.888888,0.888888
5,191,0.666667,0.666666,0.962963,0.962963,0.888888
5,192,0.345679,0.691358,0.839506,0.345679,0.691358
5,193,0.333333,0.777777,0.925925,0.333333,0.925925
5,194,0.444444,0.666666,0.839506,0.444444,0.74074
5,195,0.222222,0.666666,0.925925,0.333333,0.925925
5,196,0.666667,0.666666,1,0.888888,0.888888
5,197,0.444444,0.839506,0.74074,0.74074,0.444444
5,198,0.444444,0.74074,0.925925,0.777777,0.555555
5,199,0.444444,0.74074,0.925925,0.777777,0.555555
5,200,0.333333,0.925925,0.777777,1,0.333333
5,201,0.444444,0.74074,0.839506,0.74074,0.444444
5,202,0.444444,0.74074,0.777777,1,0.555555
5,203,0.333333,1,0.777777,1,0.333333
5,204,0.444444,0.666666,0.839506,0.74074,0.444444
5,205,0.555556,0.777777,0.925925,1,0.555555
5,206,0.555556,0.777777,0.925925,1,0.555555
5,207,0.333333,0.777777,0.925925,1,0.333333
5,208,0.444444,0.666666,0.74074,0.975308,0.444444
5,209,0.592593,0.666666,0.814814,0.962963,0.888888
5,210,0.592593,0.666666,0.814814,0.962963,0.888888
5,211,0.444444,0.444444,0.925925,0.839506,0.666666
5,212,0.197531,0.506173,0.753086,0.641975,0.246914
5,213,0.444444,0.444444,0.74074,0.839506,0.666666
5,214,0.259259,0.407407,0.703703,0.753086,0.333333
5,215,0.333333,0.333333,0.925925,0.777777,1
5,216,0.555556,0.555555,0.925925,0.777777,1
5,217,0.444444,0.555555,0.74074,0.777777,0.925925
5,218,0.444444,0.555555,0.74074,0.777777,1
5,219,0.666667,0.666666,0.888888,1,0.888888
5,220,0.333333,0.333333,1,0.777777,1
5,221,0.555556,0.666666,1,1,0.777777
5,222,0.333333,0.333333,1,0.777777,1
5,223,0.444444,0.444444,0.74074,0.864197,0.74074
5,224,0.592593,0.888888,0.962963,0.666666,0.814814
5,225,0.592593,0.888888,0.962963,0.666666,0.814814
5,226,0.666667,0.888888,0.962963,0.666666,1
5,227,0.345679,0.691358,0.691358,0.691358,0.345679
5,228,0.444444,0.666666,0.839506,0.666666,0.481481
5,229,0.444444,0.777777,0.74074,0.925925,0.555555
5,230,0.345679,0.691358,0.691358,0.839506,0.345679
5,231,0.740741,0.888888,0.962963,0.888888,0.814814
5,232,0.666667,0.888888,0.962963,0.666666,1
5,233,0.666667,0.888888,0.962963,0.666666,1
5,234,0.444444,0.666666,0.962963,0.962963,0.555555
5,235,0.444444,0.666666,0.925925,0.839506,0.444444
5,236,0.345679,0.419753,0.839506,0.691358,0.555555
5,237,0.197531,0.506173,0.753086,0.641975,0.246914
5,238,0.345679,0.419753,0.839506,0.691358,0.555555
5,239,0.197531,0.506173,0.753086,0.753086,0.246914
5,240,0.345679,0.419753,0.839506,0.580247,0.555555
5,241,0.197531,0.506173,0.753086,0.641975,0.246914
5,242,0.444444,0.481481,0.839506,0.74074,0.666666
5,243,0.197531,0.506173,0.641975,0.753086,0.246914
5,244,0.740741,0.888888,0.962963,0.814814,0.888888
5,245,0.444444,0.444444,0.839506,0.74074,0.74074
5,246,0.444444,0.444444,0.839506,0.74074,0.666666
5,247,0.444444,0.444444,0.839506,0.74074,0.74074
5,248,0.555556,0.555555,0.925925,0.925925,0.777777
5,249,0.740741,0.888888,0.962963,0.888888,0.814814
5,250,0.555556,0.555555,0.925925,0.777777,0.925925
5,251,0.444444,0.444444,0.839506,0.666666,0.74074
5,252,0.444444,0.444444,0.839506,0.74074,0.74074
5,253,0.555556,0.777777,0.925925,1,0.555555
5,254,0.555556,0.777777,0.925925,1,0.555555
5,255,0.555556,0.777777,0.925925,1,0.555555
5,256,0.555556,0.777777,0.925925,1,0.555555
5,257,0.333333,0.444444,0.851851,0.851851,0.444444
5,258,0.333333,0.444444,0.851851,0.851851,0.444444
5,259,0.333333,0.444444,0.851851,0.851851,0.444444
5,260,0.333333,0.444444,0.851851,0.851851,0.444444
5,261,0.259259,0.407407,0.851851,0.753086,0.407407
5,262,0.666667,0.666666,0.888888,0.888888,1
5,263,0.333333,0.333333,0.925925,0.777777,1
5,264,0.333333,0.333333,0.777777,0.925925,0.925925
5,265,0.444444,0.444444,0.74074,0.74074,0.975308
5,266,0.592593,0.888888,0.962963,0.666666,0.814814
5,267,0.444444,0.666666,0.839506,0.74074,0.444444
5,268,0.740741,0.888888,0.962963,0.888888,0.814814
5,269,0.444444,0.666666,0.962963,0.666666,1
5,270,0.666667,0.888888,0.962963,0.666666,1
5,271,0.345679,0.691358,0.839506,0.691358,0.345679
5,272,0.444444,0.666666,0.839506,0.74074,0.444444
5,273,0.444444,0.666666,0.962963,0.962963,0.555555
5,274,0.222222,0.666666,0.925925,0.925925,0.333333
5,275,0.444444,0.555555,0.925925,0.666666,1
5,276,0.345679,0.419753,0.839506,0.691358,0.555555
5,277,0.197531,0.506173,0.753086,0.641975,0.246914
5,278,0.345679,0.419753,0.839506,0.691358,0.555555
5,279,0.197531,0.506173,0.753086,0.753086,0.246914
5,280,0.666667,0.666666,0.962963,0.962963,0.888888
5,281,0.555556,0.555555,0.925925,0.925925,0.777777
5,282,0.555556,0.666666,1,1,0.777777
5,283,0.555556,0.555555,0.925925,0.925925,0.777777
5,284,0.666667,0.666666,1,0.888888,0.888888
5,285,0.444444,0.444444,0.839506,0.666666,0.74074
5,286,0.555556,0.666666,1,1,0.777777
5,287,0.555556,0.777777,0.925925,0.925925,0.555555
5,288,0.333333,0.777777,0.925925,0.925925,0.333333
5,289,0.333333,0.444444,0.851851,0.851851,0.444444
5,290,0.259259,0.851851,0.753086,0.333333,0.333333
5,291,0.444444,0.74074,0.864197,0.444444,0.666666
5,292,0.197531,0.641975,0.753086,0.246914,0.358025
5,293,0.444444,0.666666,0.864197,0.444444,0.666666
5,294,0.444444,0.666666,0.864197,0.666666,0.481481
5,295,0.444444,0.666666,0.864197,0.666666,0.444444
5,296,0.197531,0.753086,0.641975,0.506173,0.246914
5,297,0.222222,0.641975,0.753086,0.506173,0.358025
5,298,0.444444,0.666666,0.839506,0.444444,0.666666
5,299,0.444444,0.666666,0.839506,0.666666,0.481481
5,300,0.444444,0.666666,0.839506,0.666666,0.444444
5,301,0.555556,0.777777,1,0.666666,1
5,302,0.444444,0.666666,0.864197,0.444444,0.74074
5,303,0.444444,0.666666,0.864197,0.444444,0.74074
5,304,0.592593,0.888888,1,0.666666,0.814814
5,305,0.740741,0.777777,0.987654,0.777777,0.777777
5,306,0.444444,0.666666,0.864197,0.74074,0.444444
5,307,0.444444,0.666666,0.864197,0.666666,0.444444
5,308,0.444444,0.666666,0.864197,0.74074,0.444444
5,309,0.37037,0.74074,0.864197,0.444444,0.592592
5,310,0.246914,0.493827,0.753086,0.506173,0.506173
5,311,0.259259,0.666666,0.864197,0.444444,0.407407
5,312,0.444444,0.666666,0.864197,0.666666,0.481481
5,313,0.555556,0.777777,1,0.666666,1
5,314,0.444444,0.666666,0.864197,0.444444,0.74074
5,315,0.444444,0.666666,0.864197,0.444444,0.74074
5,316,0.740741,0.888888,1,0.888888,0.814814
5,317,0.740741,0.777777,0.987654,0.777777,0.777777
5,318,0.333333,0.777777,0.925925,0.333333,0.925925
5,319,0.740741,0.888888,1,0.888888,0.814814
5,320,0.148148,0.37037,0.753086,0.37037,0.37037
5,321,0.259259,0.506173,0.753086,0.358025,0.753086
5,322,0.259259,0.407407,0.802469,0.703703,0.407407
5,323,0.259259,0.592592,0.753086,0.851851,0.333333
5,324,0.259259,0.592592,0.753086,0.333333,0.851851
5,325,0.444444,0.444444,0.975308,0.666666,0.74074
5,326,0.666667,0.888888,0.666666,1,0.888888
5,327,0.666667,0.888888,0.666666,1,0.888888
5,328,0.444444,0.666666,0.666666,0.962963,1
5,329,0.444444,0.74074,0.666666,0.975308,0.481481
5,330,0.444444,0.74074,0.666666,0.975308,0.444444
5,331,0.444444,0.666666,0.666666,0.864197,0.481481
5,332,0.666667,0.888888,0.666666,1,0.888888
5,333,0.666667,0.888888,0.666666,1,0.888888
5,334,0.666667,0.666666,0.888888,1,0.888888
5,335,0.666667,0.888888,0.666666,0.962963,1
5,336,0.666667,0.888888,0.666666,0.962963,0.962963
5,337,0.444444,0.74074,0.666666,0.864197,0.444444
5,338,0.444444,0.666666,0.74074,0.864197,0.444444
5,339,0.444444,0.666666,0.666666,0.864197,0.481481
5,340,0.666667,0.888888,0.666666,0.888888,1
5,341,0.666667,0.888888,0.666666,1,1
5,342,0.666667,0.888888,0.666666,1,0.888888
5,343,0.740741,0.888888,0.888888,1,0.814814
5,344,0.345679,0.691358,0.691358,0.691358,0.345679
5,345,0.345679,0.691358,0.839506,0.691358,0.345679
5,346,0.345679,0.691358,0.839506,0.691358,0.345679
5,347,0.814815,0.888888,1,1,0.888888
5,348,0.666667,0.888888,0.888888,0.666666,1
5,349,0.345679,0.691358,0.691358,0.839506,0.345679
5,350,0.345679,0.691358,0.691358,0.839506,0.345679
5,351,0.333333,0.777777,0.925925,0.925925,0.333333
5,352,0.345679,0.580247,0.839506,0.691358,0.345679
5,353,0.444444,0.666666,0.839506,0.74074,0.481481
5,354,0.444444,0.666666,0.839506,0.74074,0.444444
5,355,0.444444,0.666666,0.962963,0.962963,0.555555
5,356,0.222222,0.666666,0.925925,0.925925,0.333333
5,357,0.222222,0.666666,0.925925,0.925925,0.333333
5,358,0.444444,0.666666,0.74074,0.839506,0.444444
5,359,0.592593,0.753086,0.753086,0.753086,0.753086
5,360,0.592593,0.753086,0.753086,0.753086,0.753086
5,361,0.666667,0.666666,1,1,0.888888
5,362,0.666667,0.666666,0.962963,0.962963,0.888888
5,363,0.666667,0.666666,0.888888,1,0.888888
5,364,0.592593,0.666666,0.814814,0.962963,0.888888
5,365,0.592593,0.753086,0.753086,0.753086,0.753086
5,366,0.592593,0.666666,0.962963,0.888888,0.814814
5,367,0.555556,0.777777,1,1,0.666666
5,368,0.333333,0.777777,0.925925,1,0.333333
5,369,0.333333,0.777777,0.925925,1,0.333333
5,370,0.444444,0.74074,0.74074,0.975308,0.444444
5,371,0.444444,0.74074,0.74074,0.975308,0.444444
5,372,0.444444,0.666666,0.925925,1,0.555555
5,373,0.444444,0.666666,0.925925,1,0.555555
5,374,0.222222,0.666666,0.925925,1,0.333333
5,375,0.444444,0.666666,0.666666,0.975308,0.481481
5,376,0.592593,0.888888,0.666666,0.814814,1
5,377,0.666667,0.666666,0.888888,1,0.888888
5,378,0.592593,0.666666,0.888888,1,0.814814
5,379,0.345679,0.580247,0.839506,0.839506,0.345679
5,380,0.666667,0.888888,0.962963,0.666666,1
5,381,0.592593,0.753086,0.753086,0.753086,0.753086
5,382,0.592593,0.753086,0.753086,0.753086,0.753086
5,383,0.592593,0.753086,0.753086,0.753086,0.753086
5,384,0.592593,0.666666,0.814814,0.962963,0.888888
5,385,0.555556,0.777777,0.925925,1,0.555555
5,386,0.333333,0.777777,1,1,0.333333
5,387,0.333333,0.444444,0.925925,1,0.555555
5,388,0.222222,0.444444,1,1,0.333333
5,389,0.555556,0.666666,0.777777,1,1
5,390,0.555556,0.555555,0.777777,0.925925,1
5,391,0.444444,0.444444,0.666666,0.74074,0.975308
5,392,0.740741,0.888888,0.888888,1,0.814814
5,393,0.555556,0.666666,0.777777,1,1
5,394,0.444444,0.555555,0.74074,0.925925,0.777777
5,395,0.555556,0.555555,0.777777,0.925925,0.925925
5,396,0.444444,0.444444,0.666666,0.864197,0.74074
5,397,0.333333,0.333333,0.925925,0.925925,0.777777
5,398,0.259259,0.333333,0.753086,0.851851,0.333333
5,399,0.259259,0.333333,0.753086,0.851851,0.333333
5,400,0.333333,0.333333,0.925925,0.925925,0.777777
5,401,0.222222,0.333333,1,0.925925,0.666666
5,402,0.333333,0.333333,0.925925,0.925925,0.777777
5,403,0.222222,0.333333,0.925925,0.925925,0.666666
5,404,0.444444,0.444444,0.839506,0.74074,0.74074
5,405,0.333333,0.333333,0.925925,0.925925,0.777777
5,406,0.444444,0.666666,0.925925,1,0.555555
5,407,0.444444,0.666666,0.74074,0.975308,0.444444
5,408,0.444444,0.666666,0.925925,1,0.555555
5,409,0.444444,0.666666,0.74074,0.975308,0.444444
5,410,0.259259,0.333333,0.851851,0.950617,0.407407
5,411,0.333333,0.444444,0.851851,0.851851,0.444444
5,412,0.111111,0.111111,1,1,0.111111
5,413,0.740741,0.888888,0.888888,1,0.814814
5,414,0.259259,0.333333,0.753086,0.851851,0.333333
5,415,0.333333,0.333333,0.925925,0.925925,0.777777
5,416,0.444444,0.444444,0.74074,0.839506,0.74074
5,417,0.259259,0.333333,0.851851,0.950617,0.407407
5,418,0.333333,0.444444,0.851851,0.851851,0.444444
5,419,0.666667,0.666666,1,0.888888,1
5,420,0.555556,0.666666,1,0.777777,1
5,421,0.444444,0.555555,0.925925,0.777777,0.74074
5,422,0.333333,0.333333,1,1,0.777777
5,423,0.444444,0.666666,0.962963,1,0.666666
5,424,0.222222,0.333333,0.925925,1,0.666666
5,425,0.666667,0.666666,0.888888,0.888888,1
5,426,0.555556,0.666666,1,0.777777,1
5,427,0.444444,0.666666,0.962963,1,0.666666
5,428,0.740741,0.888888,0.814814,1,0.888888
5,429,0.333333,0.333333,0.925925,0.925925,0.777777
5,430,0.222222,0.666666,1,1,0.333333
5,431,0.814815,1,0.888888,0.888888,1
5,432,1,1,1,1,1
5,433,0.666667,0.666666,0.888888,0.888888,1
5,434,1,1,1,1,1
5,435,0.333333,0.333333,1,1,1
5,436,0.333333,0.333333,0.777777,0.925925,1
5,437,0.444444,0.444444,0.74074,0.975308,0.74074
5,438,0.666667,0.888888,0.666666,1,0.888888
5,439,0.444444,0.74074,0.666666,0.839506,0.444444
5,440,0.592593,0.814814,0.962963,0.666666,0.888888
5,441,0.666667,0.888888,1,0.666666,0.888888
5,442,0.345679,0.691358,0.691358,0.691358,0.345679
5,443,0.345679,0.691358,0.839506,0.691358,0.345679
5,444,0.345679,0.691358,0.691358,0.839506,0.345679
5,445,0.345679,0.691358,0.839506,0.555555,0.345679
5,446,0.444444,0.666666,0.839506,0.666666,0.444444
5,447,0.444444,0.777777,0.925925,0.74074,0.555555
5,448,0.444444,0.666666,0.839506,0.74074,0.444444
5,449,0.444444,0.777777,0.74074,0.925925,0.555555
5,450,0.444444,0.74074,0.777777,0.925925,0.555555
5,451,0.555556,0.777777,0.925925,0.925925,0.555555
5,452,0.814815,0.888888,1,1,0.888888
5,453,0.444444,0.666666,0.666666,0.864197,0.481481
5,454,0.666667,0.888888,1,0.666666,0.888888
5,455,0.345679,0.691358,0.839506,0.691358,0.345679
5,456,0.345679,0.691358,0.839506,0.691358,0.345679
5,457,0.555556,0.777777,0.925925,0.925925,0.555555
5,458,0.333333,0.333333,0.777777,0.925925,1
5,459,0.333333,0.333333,0.777777,0.925925,0.925925
5,460,0.444444,0.666666,0.74074,0.839506,0.481481
5,461,0.259259,0.407407,0.753086,0.703703,0.333333
5,462,0.444444,0.555555,0.925925,0.925925,0.666666
5,463,0.259259,0.407407,0.753086,0.703703,0.333333
5,464,0.345679,0.419753,0.839506,0.691358,0.555555
5,465,0.259259,0.407407,0.802469,0.851851,0.407407
5,466,0.444444,0.74074,0.839506,0.74074,0.444444
5,467,0.444444,0.666666,0.839506,0.74074,0.444444
5,468,0.444444,0.666666,0.962963,0.962963,0.555555
5,469,0.259259,0.407407,0.753086,0.703703,0.333333
5,470,0.444444,0.555555,0.925925,0.925925,0.666666
5,471,0.555556,0.666666,1,1,0.777777
5,472,0.444444,0.444444,0.839506,0.74074,0.74074
5,473,0.555556,0.666666,1,0.777777,1
5,474,0.444444,0.74074,0.975308,0.666666,0.481481
5,475,0.259259,0.407407,0.950617,0.703703,0.407407
6,0,0.740741,0.888888,0.888888,1,0.814814
6,1,1,1,1,1,1
6,2,0.592593,0.753086,0.753086,0.753086,0.753086
6,3,0.592593,0.753086,0.753086,0.753086,0.753086
6,4,0.592593,0.777777,0.753086,0.814814,0.814814
6,5,0.592593,0.777777,0.753086,0.814814,0.814814
6,6,1,1,1,1,1
6,7,1,1,1,1,1
6,8,0.444444,0.74074,0.74074,0.975308,0.444444
6,9,0.444444,0.74074,0.74074,0.975308,0.444444
6,10,0.444444,0.666666,0.74074,0.975308,0.481481
6,11,0.222222,0.777777,0.925925,1,0.222222
6,12,0.444444,0.666666,0.74074,0.975308,0.481481
6,13,0.444444,0.666666,0.74074,0.975308,0.444444
6,14,0.592593,0.666666,0.888888,1,0.814814
6,15,1,1,1,1,1
6,16,1,1,1,1,1
6,17,0.592593,0.666666,0.814814,0.962963,0.888888
6,18,0.666667,0.666666,1,1,0.888888
6,19,0.666667,0.666666,0.888888,1,1
6,20,0.666667,0.666666,0.888888,1,1
6,21,0.444444,0.666666,0.666666,0.975308,0.444444
6,22,0.444444,0.666666,0.666666,0.975308,0.444444
6,23,0.444444,0.666666,0.74074,0.975308,0.481481
6,24,0.444444,0.666666,0.74074,0.975308,0.444444
6,25,0.444444,0.666666,0.666666,0.975308,0.481481
6,26,0.444444,0.666666,0.666666,0.975308,0.444444
6,27,0.666667,0.666666,0.888888,1,1
6,28,1,1,1,1,1
6,29,1,1,1,1,1
6,30,0.592593,0.666666,0.814814,0.962963,0.888888
6,31,0.666667,0.666666,0.888888,1,1
6,32,0.666667,0.666666,0.888888,1,1
6,33,0.444444,0.666666,0.74074,0.864197,0.444444
6,34,0.444444,0.666666,0.74074,0.864197,0.481481
6,35,0.222222,0.777777,0.925925,0.925925,0.222222
6,36,0.444444,0.666666,0.74074,0.864197,0.481481
6,37,0.444444,0.666666,0.74074,0.864197,0.444444
6,38,0.814815,1,0.888888,0.888888,1
6,39,0.666667,0.666666,1,1,1
6,40,0.666667,0.666666,1,0.888888,1
6,41,0.666667,0.666666,0.888888,1,1
6,42,0.666667,0.666666,0.888888,0.888888,1
6,43,1,1,1,1,1
6,44,0.740741,0.888888,0.814814,1,0.888888
6,45,0.666667,0.666666,1,1,0.888888
6,46,0.444444,0.666666,0.962963,1,0.666666
6,47,0.666667,0.666666,0.888888,1,0.888888
6,48,0.592593,0.666666,0.814814,1,0.888888
6,49,0.666667,0.888888,1,0.666666,0.888888
6,50,0.740741,0.888888,0.962963,0.888888,0.814814
6,51,0.740741,0.888888,0.962963,0.888888,0.814814
6,52,0.666667,0.888888,0.962963,0.666666,1
6,53,0.345679,0.691358,0.691358,0.691358,0.345679
6,54,0.345679,0.691358,0.691358,0.691358,0.345679
6,55,0.444444,0.666666,0.839506,0.74074,0.481481
6,56,0.444444,0.666666,0.839506,0.74074,0.444444
6,57,0.345679,0.580247,0.691358,0.839506,0.345679
6,58,0.444444,0.666666,0.74074,0.839506,0.444444
6,59,0.740741,0.888888,0.962963,0.888888,0.814814
6,60,0.666667,0.888888,0.962963,0.666666,1
6,61,0.666667,0.888888,0.962963,0.666666,1
6,62,0.444444,0.74074,0.74074,0.839506,0.444444
6,63,0.345679,0.691358,0.691358,0.839506,0.345679
6,64,0.555556,0.777777,0.925925,0.925925,0.555555
6,65,0.333333,0.777777,0.925925,0.925925,0.333333
6,66,0.444444,0.777777,0.74074,0.925925,0.555555
6,67,0.444444,0.666666,0.74074,0.839506,0.444444
6,68,0.518519,0.555555,0.962963,0.888888,0.814814
6,69,0.555556,0.555555,0.962963,0.888888,1
6,70,0.444444,0.666666,0.839506,0.74074,0.444444
6,71,0.444444,0.666666,0.839506,0.74074,0.481481
6,72,0.444444,0.666666,0.839506,0.74074,0.444444
6,73,0.444444,0.666666,0.925925,0.925925,0.555555
6,74,0.296296,0.666666,0.925925,0.839506,0.296296
6,75,0.555556,0.555555,0.962963,0.888888,0.962963
6,76,0.444444,0.555555,0.962963,0.666666,1
6,77,0.444444,0.666666,0.925925,0.839506,0.444444
6,78,0.444444,0.666666,0.962963,0.962963,0.555555
6,79,0.333333,0.777777,0.925925,0.925925,0.333333
6,80,0.444444,0.666666,0.962963,0.962963,0.555555
6,81,0.444444,0.666666,0.74074,0.839506,0.444444
6,82,0.555556,0.555555,0.962963,0.888888,1
6,83,1,1,1,1,1
6,84,1,1,1,1,1
6,85,0.666667,0.666666,1,1,0.888888
6,86,0.555556,0.555555,0.962963,0.962963,0.888888
6,87,0.666667,0.666666,1,1,0.888888
6,88,0.555556,0.555555,0.962963,0.962963,0.888888
6,89,1,1,1,1,1
6,90,0.814815,1,1,0.888888,0.888888
6,91,0.666667,0.666666,1,0.888888,1
6,92,0.666667,0.666666,1,0.888888,0.888888
6,93,0.666667,0.666666,1,1,0.888888
6,94,0.333333,1,0.777777,1,0.333333
6,95,0.555556,0.777777,0.925925,1,0.555555
6,96,0.333333,0.777777,0.925925,1,0.333333
6,97,0.444444,0.666666,0.74074,0.975308,0.444444
6,98,0.555556,0.777777,0.925925,1,0.555555
6,99,0.444444,0.666666,0.74074,0.975308,0.444444
6,100,0.444444,0.777777,0.74074,1,0.555555
6,101,0.444444,0.666666,0.925925,1,0.555555
6,102,0.444444,0.666666,0.925925,1,0.555555
6,103,0.444444,0.666666,0.925925,1,0.555555
6,104,0.333333,0.777777,0.925925,1,0.333333
6,105,0.444444,0.777777,0.74074,1,0.555555
6,106,0.814815,1,0.888888,1,0.888888
6,107,0.814815,1,0.888888,1,0.888888
6,108,0.666667,0.666666,1,1,0.888888
6,109,0.666667,0.666666,1,1,0.888888
6,110,0.666667,0.666666,0.888888,1,1
6,111,0.666667,0.666666,0.888888,1,1
6,112,0.444444,0.666666,0.74074,0.975308,0.444444
6,113,0.444444,0.666666,0.925925,1,0.555555
6,114,0.444444,0.555555,0.814814,1,0.555555
6,115,0.37037,0.592592,0.74074,0.975308,0.444444
6,116,1,1,1,1,1
6,117,0.666667,0.666666,1,0.888888,1
6,118,0.666667,0.666666,0.888888,1,1
6,119,0.666667,0.666666,0.888888,0.888888,1
6,120,0.666667,0.888888,1,0.666666,0.888888
6,121,0.740741,0.888888,0.962963,0.888888,0.814814
6,122,0.740741,0.888888,0.962963,0.888888,0.814814
6,123,0.666667,0.888888,1,0.666666,1
6,124,0.345679,0.691358,0.839506,0.691358,0.345679
6,125,0.444444,0.666666,0.839506,0.74074,0.481481
6,126,0.333333,0.777777,0.925925,0.925925,0.333333
6,127,0.740741,0.888888,0.962963,0.888888,0.814814
6,128,0.666667,0.888888,1,0.666666,1
6,129,0.666667,0.888888,1,0.666666,1
6,130,0.333333,0.777777,0.925925,0.925925,0.333333
6,131,0.333333,0.777777,0.925925,0.925925,0.333333
6,132,0.444444,0.666666,0.962963,0.962963,0.555555
6,133,0.222222,0.666666,0.925925,0.925925,0.333333
6,134,0.444444,0.666666,0.962963,0.962963,0.555555
6,135,0.222222,0.666666,0.925925,1,0.333333
6,136,0.518519,0.555555,0.962963,0.888888,0.814814
6,137,0.555556,0.555555,0.962963,0.888888,1
6,138,0.37037,0.629629,0.901234,0.962963,0.481481
6,139,0.444444,0.555555,0.962963,0.962963,0.555555
6,140,0.222222,0.444444,0.925925,0.925925,0.333333
6,141,0.555556,0.555555,0.962963,0.888888,0.962963
6,142,0.444444,0.666666,0.962963,0.666666,1
6,143,0.333333,0.777777,0.925925,0.925925,0.333333
6,144,0.444444,0.666666,0.925925,0.925925,0.555555
6,145,0.444444,0.666666,0.925925,0.925925,0.555555
6,146,0.444444,0.555555,0.962963,0.962963,0.555555
6,147,0.185185,0.407407,0.925925,0.975308,0.296296
6,148,0.555556,0.555555,0.962963,0.888888,1
6,149,1,1,1,1,1
6,150,0.555556,0.555555,0.962963,0.962963,0.888888
6,151,0.666667,0.666666,1,1,0.888888
6,152,0.555556,0.555555,0.962963,0.962963,0.888888
6,153,0.814815,1,1,0.888888,0.888888
6,154,0.666667,0.666666,1,0.888888,0.888888
6,155,0.666667,0.666666,1,1,0.888888
6,156,0.333333,0.777777,0.925925,1,0.333333
6,157,0.555556,0.777777,0.925925,1,0.555555
6,158,0.333333,0.777777,0.925925,1,0.333333
6,159,0.555556,0.777777,0.925925,1,0.555555
6,160,0.555556,0.777777,0.925925,1,0.555555
6,161,0.333333,0.777777,0.925925,1,0.333333
6,162,0.333333,0.777777,0.925925,1,0.333333
6,163,0.333333,0.444444,0.925925,1,0.555555
6,164,0.333333,0.444444,0.925925,1,0.555555
6,165,0.333333,0.444444,0.925925,1,0.555555
6,166,0.222222,0.444444,0.925925,1,0.333333
6,167,0.333333,0.444444,0.925925,1,0.555555
6,168,0.333333,0.333333,0.777777,1,1
6,169,0.666667,0.666666,0.888888,1,0.888888
6,170,0.666667,0.666666,0.888888,1,0.888888
6,171,0.333333,0.333333,0.925925,0.925925,0.777777
6,172,0.333333,0.333333,0.925925,0.925925,0.777777
6,173,0.333333,0.333333,1,1,0.777777
6,174,0.333333,0.333333,1,1,1
6,175,0.444444,0.555555,0.925925,1,0.666666
6,176,0.259259,0.407407,0.851851,0.753086,0.333333
6,177,0.444444,0.444444,0.74074,0.864197,0.666666
6,178,0.259259,0.407407,0.703703,0.753086,0.333333
6,179,0.333333,0.333333,1,1,1
6,180,0.333333,0.333333,1,0.777777,1
6,181,0.333333,0.333333,1,1,1
6,182,0.444444,0.555555,0.74074,0.777777,1
6,183,0.666667,0.666666,0.888888,1,0.888888
6,184,0.333333,0.333333,1,1,1
6,185,0.333333,0.333333,0.925925,0.925925,0.777777
6,186,0.333333,0.333333,1,1,1
6,187,0.444444,0.444444,0.74074,0.864197,0.74074
6,188,0.666667,0.666666,1,0.888888,0.888888
6,189,0.666667,0.666666,1,0.888888,0.888888
6,190,0.345679,0.580247,0.839506,0.839506,0.345679
6,191,0.444444,0.666666,0.962963,0.962963,0.555555
6,192,0.296296,0.666666,0.74074,0.839506,0.296296
6,193,0.666667,0.666666,1,0.888888,0.888888
6,194,0.444444,0.444444,0.839506,0.74074,0.74074
6,195,0.333333,0.333333,0.925925,0.777777,1
6,196,0.555556,0.555555,0.925925,0.925925,0.777777
6,197,0.259259,0.333333,0.753086,0.851851,0.333333
6,198,0.222222,0.333333,0.925925,0.925925,0.666666
6,199,0.333333,0.444444,0.851851,0.851851,0.444444
6,200,0.333333,0.333333,1,0.777777,1
6,201,0.222222,0.333333,0.925925,0.925925,0.666666
6,202,0.259259,0.333333,0.753086,0.851851,0.333333
6,203,0.555556,0.555555,0.925925,0.925925,0.777777
6,204,0.333333,0.444444,0.851851,0.851851,0.444444
6,205,0.333333,0.333333,0.925925,0.925925,0.777777
6,206,0.444444,0.555555,0.925925,0.925925,0.666666
6,207,0.666667,0.666666,1,1,0.888888
6,208,0.333333,0.333333,1,0.777777,1
6,209,0.444444,0.444444,0.864197,0.74074,0.666666
6,210,0.333333,0.333333,0.925925,0.925925,0.777777
6,211,0.444444,0.666666,0.925925,1,0.555555
6,212,0.444444,0.666666,0.925925,1,0.555555
6,213,0.444444,0.666666,0.925925,1,0.555555
6,214,0.444444,0.666666,0.925925,1,0.555555
6,215,0.333333,0.444444,0.851851,0.851851,0.444444
6,216,0.333333,0.444444,0.851851,1,0.444444
6,217,0.333333,0.444444,0.851851,0.851851,0.444444
6,218,0.333333,0.444444,0.851851,1,0.444444
6,219,0.259259,0.333333,0.851851,0.802469,0.407407
6,220,0.333333,0.333333,0.777777,1,0.925925
6,221,0.666667,0.666666,0.888888,1,1
6,222,0.333333,0.333333,1,1,0.777777
6,223,0.333333,0.333333,1,1,0.777777
6,224,0.333333,0.333333,1,1,0.777777
6,225,0.333333,0.333333,1,1,1
6,226,0.333333,0.333333,0.925925,1,0.777777
6,227,0.444444,0.555555,0.925925,1,0.666666
6,228,0.444444,0.555555,0.74074,0.925925,0.777777
6,229,0.444444,0.555555,0.74074,1,0.777777
6,230,0.666667,0.666666,0.888888,1,1
6,231,0.333333,0.333333,1,1,1
6,232,0.333333,0.333333,0.777777,0.925925,0.925925
6,233,0.333333,0.333333,0.777777,0.925925,1
6,234,0.666667,0.666666,0.888888,1,0.888888
6,235,0.333333,0.333333,0.925925,1,0.777777
6,236,0.333333,0.333333,0.777777,1,0.925925
6,237,0.444444,0.444444,0.74074,0.975308,0.74074
6,238,0.666667,0.666666,1,0.888888,0.888888
6,239,0.333333,0.777777,0.925925,0.925925,0.333333
6,240,0.222222,0.444444,0.925925,0.925925,0.333333
6,241,0.444444,0.555555,0.925925,0.74074,0.777777
6,242,0.333333,0.333333,1,1,0.777777
6,243,0.333333,0.333333,0.925925,0.777777,1
6,244,0.555556,0.555555,0.925925,0.925925,0.777777
6,245,0.259259,0.333333,0.753086,0.851851,0.333333
6,246,0.222222,0.333333,0.925925,0.925925,0.666666
6,247,0.333333,0.444444,0.851851,0.851851,0.444444
6,248,0.333333,0.333333,0.925925,0.925925,0.777777
6,249,0.444444,0.555555,0.925925,0.925925,0.666666
6,250,0.666667,0.666666,1,1,0.888888
6,251,0.333333,0.333333,1,1,1
6,252,0.333333,0.333333,0.925925,0.925925,0.777777
6,253,0.333333,0.333333,0.925925,0.925925,0.777777
6,254,0.444444,0.666666,0.925925,1,0.555555
6,255,0.333333,0.777777,0.925925,1,0.333333
6,256,0.333333,0.444444,0.851851,0.851851,0.444444
6,257,0.333333,0.444444,0.851851,1,0.444444
6,258,0.333333,0.444444,0.851851,0.851851,0.444444
6,259,0.333333,0.444444,0.851851,1,0.444444
6,260,0.259259,0.333333,0.851851,0.802469,0.407407
6,261,0.555556,0.555555,0.962963,0.888888,0.962963
6,262,0.555556,0.555555,0.962963,0.888888,0.962963
6,263,0.740741,0.888888,0.962963,0.814814,0.888888
6,264,0.666667,0.666666,1,0.888888,0.888888
6,265,0.555556,0.555555,0.962963,0.888888,0.962963
6,266,0.555556,0.555555,0.962963,0.888888,0.962963
6,267,0.555556,0.555555,0.925925,0.777777,0.925925
6,268,0.333333,0.333333,0.925925,0.777777,0.925925
6,269,0.333333,0.333333,0.925925,0.925925,0.777777
6,270,0.444444,0.555555,0.925925,0.925925,0.666666
6,271,0.555556,0.555555,0.925925,0.777777,0.925925
6,272,0.444444,0.555555,0.925925,0.666666,1
6,273,0.444444,0.444444,0.864197,0.74074,0.666666
6,274,0.333333,0.333333,0.925925,0.777777,0.925925
6,275,0.333333,0.333333,1,1,0.777777
6,276,0.333333,0.333333,0.925925,1,0.777777
6,277,0.333333,0.333333,1,1,0.777777
6,278,0.555556,0.555555,0.962963,0.888888,1
6,279,0.444444,0.666666,0.962963,0.666666,1
6,280,0.814815,1,1,0.888888,0.888888
6,281,0.666667,0.666666,1,0.888888,0.888888
6,282,0.333333,0.333333,0.925925,0.777777,1
6,283,0.333333,0.333333,0.925925,0.777777,1
6,284,0.333333,0.333333,0.925925,0.925925,0.777777
6,285,0.333333,0.333333,0.925925,0.777777,0.925925
6,286,0.444444,0.555555,0.925925,0.666666,1
6,287,0.444444,0.444444,0.839506,0.74074,0.74074
6,288,0.333333,0.333333,0.925925,0.777777,1
6,289,0.666667,0.666666,1,1,1
6,290,0.333333,0.333333,1,1,0.777777
6,291,0.333333,0.333333,1,1,0.777777
6,292,0.666667,0.666666,1,0.888888,1
6,293,0.333333,0.333333,0.925925,0.777777,0.925925
6,294,0.333333,0.333333,1,1,1
6,295,0.555556,0.555555,0.962963,1,0.888888
6,296,0.444444,0.666666,0.962963,1,0.666666
6,297,0.333333,0.333333,0.925925,1,0.777777
6,298,0.333333,0.333333,0.925925,0.925925,0.777777
6,299,0.444444,0.555555,0.925925,1,0.666666
6,300,0.333333,0.333333,0.925925,1,0.777777
6,301,0.444444,0.74074,0.864197,0.666666,0.444444
6,302,0.444444,0.74074,0.864197,0.666666,0.481481
6,303,0.444444,0.666666,0.864197,0.666666,0.481481
6,304,0.444444,0.666666,0.864197,0.666666,0.481481
6,305,0.444444,0.629629,0.987654,0.629629,0.814814
6,306,0.444444,0.666666,0.864197,0.666666,0.444444
6,307,0.444444,0.666666,0.864197,0.666666,0.481481
6,308,0.444444,0.666666,0.864197,0.666666,0.481481
6,309,0.444444,0.666666,0.864197,0.666666,0.481481
6,310,0.444444,0.666666,0.864197,0.74074,0.444444
6,311,0.444444,0.666666,1,0.666666,0.962963
6,312,0.444444,0.666666,0.839506,0.666666,0.444444
6,313,0.444444,0.666666,0.864197,0.666666,0.481481
6,314,0.444444,0.666666,0.864197,0.666666,0.481481
6,315,0.444444,0.666666,0.864197,0.74074,0.444444
6,316,0.740741,0.777777,0.987654,0.777777,0.777777
6,317,0.740741,0.888888,1,0.888888,0.814814
6,318,0.592593,0.666666,1,0.888888,0.814814
6,319,0.592593,0.629629,0.987654,0.777777,0.777777
6,320,0.444444,0.74074,0.864197,0.74074,0.444444
6,321,0.444444,0.666666,0.864197,0.74074,0.444444
6,322,0.444444,0.666666,0.864197,0.74074,0.444444
6,323,0.444444,0.666666,0.864197,0.74074,0.444444
6,324,0.444444,0.666666,0.864197,0.74074,0.444444
6,325,0.444444,0.666666,1,0.925925,0.555555
6,326,0.333333,0.777777,1,0.925925,0.333333
6,327,0.444444,0.666666,0.864197,0.666666,0.481481
6,328,0.37037,0.629629,0.91358,0.814814,0.481481
6,329,0.37037,0.592592,0.864197,0.74074,0.481481
6,330,0.444444,0.666666,1,0.666666,1
6,331,0.740741,0.777777,0.987654,0.777777,0.777777
6,332,0.740741,0.888888,1,0.888888,0.814814
6,333,0.518519,0.555555,1,0.888888,0.814814
6,334,0.444444,0.481481,0.987654,0.777777,0.777777
6,335,0.740741,0.888888,1,0.888888,0.814814
6,336,0.740741,0.888888,1,0.888888,0.814814
6,337,0.444444,0.666666,1,0.666666,0.962963
6,338,0.518519,0.555555,1,0.888888,0.814814
6,339,0.333333,0.777777,0.925925,0.925925,0.333333
6,340,0.555556,0.777777,1,0.925925,0.555555
6,341,0.333333,0.777777,1,0.925925,0.333333
6,342,0.555556,0.777777,1,0.925925,0.555555
6,343,0.444444,0.666666,0.925925,0.925925,0.555555
6,344,0.333333,0.333333,1,0.777777,1
6,345,0.444444,0.444444,0.864197,0.666666,0.666666
6,346,0.259259,0.407407,0.753086,0.703703,0.333333
6,347,0.197531,0.358025,0.753086,0.753086,0.246914
6,348,0.592593,0.666666,1,0.888888,0.814814
6,349,0.333333,0.333333,0.925925,0.777777,0.925925
6,350,0.444444,0.444444,0.864197,0.666666,0.74074
6,351,0.444444,0.555555,0.925925,0.74074,0.777777
6,352,0.444444,0.666666,0.864197,0.74074,0.444444
6,353,0.444444,0.666666,1,0.925925,0.555555
6,354,0.259259,0.333333,0.753086,0.851851,0.407407
6,355,0.333333,0.444444,0.851851,0.851851,0.444444
6,356,0.333333,0.444444,0.851851,0.851851,0.444444
6,357,0.333333,0.333333,1,0.777777,0.925925
6,358,0.444444,0.444444,0.864197,0.666666,0.74074
6,359,0.444444,0.444444,0.975308,0.666666,0.666666
6,360,0.592593,0.666666,1,0.888888,0.814814
6,361,0.444444,0.555555,1,0.666666,0.925925
6,362,0.444444,0.444444,0.975308,0.666666,0.74074
6,363,0.444444,0.444444,0.975308,0.74074,0.74074
6,364,0.444444,0.666666,1,0.925925,0.555555
6,365,0.333333,0.777777,0.925925,0.925925,0.333333
6,366,0.259259,0.358025,0.753086,0.753086,0.506173
6,367,0.333333,0.444444,0.851851,0.851851,0.444444
6,368,0.333333,0.444444,0.851851,0.851851,0.444444
6,369,0.333333,0.333333,1,0.777777,0.925925
6,370,0.444444,0.555555,1,0.777777,0.74074
6,371,0.444444,0.555555,1,0.74074,0.777777
6,372,0.333333,0.333333,1,0.925925,0.777777
6,373,0.444444,0.555555,1,0.925925,0.666666
6,374,0.333333,0.444444,0.851851,1,0.444444
6,375,0.333333,0.444444,1,1,0.444444
6,376,0.345679,0.839506,0.691358,0.345679,0.691358
6,377,0.345679,0.691358,0.691358,0.345679,0.691358
6,378,0.345679,0.691358,0.691358,0.345679,0.691358
6,379,0.444444,0.74074,0.777777,0.555555,1
6,380,0.197531,0.753086,0.641975,0.358025,0.358025
6,381,0.345679,0.691358,0.691358,0.345679,0.555555
6,382,0.197531,0.641975,0.641975,0.358025,0.358025
6,383,0.345679,0.691358,0.691358,0.345679,0.555555
6,384,0.345679,0.691358,0.691358,0.691358,0.345679
6,385,0.345679,0.691358,0.691358,0.691358,0.345679
6,386,0.333333,0.925925,0.777777,0.333333,1
6,387,0.333333,0.925925,0.777777,0.333333,1
6,388,0.259259,0.753086,0.703703,0.407407,0.407407
6,389,0.209877,0.703703,0.703703,0.444444,0.444444
6,390,0.345679,0.691358,0.691358,0.839506,0.345679
6,391,0.345679,0.691358,0.691358,0.839506,0.345679
6,392,0.444444,0.74074,0.74074,0.444444,0.975308
6,393,0.592593,0.753086,0.753086,0.753086,0.753086
6,394,0.592593,0.753086,0.753086,0.753086,0.753086
6,395,0.592593,0.753086,0.814814,0.777777,0.814814
6,396,0.592593,0.814814,0.753086,0.777777,0.814814
6,397,0.666667,0.888888,0.888888,0.666666,1
6,398,0.345679,0.839506,0.580247,0.691358,0.345679
6,399,0.345679,0.839506,0.580247,0.691358,0.345679
6,400,0.345679,0.691358,0.580247,0.839506,0.345679
6,401,0.592593,0.814814,0.753086,0.777777,0.814814
6,402,0.666667,0.888888,0.888888,0.666666,1
6,403,0.666667,0.888888,0.888888,0.666666,1
6,404,0.345679,0.691358,0.580247,0.839506,0.345679
6,405,0.345679,0.691358,0.691358,0.839506,0.345679
6,406,0.444444,0.74074,0.666666,0.839506,0.444444
6,407,0.444444,0.74074,0.666666,0.839506,0.481481
6,408,0.740741,0.888888,0.962963,0.888888,0.814814
6,409,0.444444,0.666666,0.962963,0.666666,1
6,410,0.345679,0.691358,0.691358,0.691358,0.345679
6,411,0.345679,0.580247,0.691358,0.691358,0.419753
6,412,0.345679,0.580247,0.691358,0.691358,0.345679
6,413,0.345679,0.679012,0.753086,0.901234,0.419753
6,414,0.345679,0.580247,0.691358,0.839506,0.345679
6,415,0.444444,0.666666,0.962963,0.666666,0.962963
6,416,0.444444,0.666666,0.962963,0.555555,1
6,417,0.345679,0.679012,0.753086,0.753086,0.419753
6,418,0.345679,0.580247,0.691358,0.691358,0.345679
6,419,0.444444,0.666666,0.666666,0.839506,0.481481
6,420,0.345679,0.580247,0.691358,0.839506,0.345679
6,421,0.592593,0.666666,0.814814,0.888888,1
6,422,0.592593,0.753086,0.753086,0.753086,0.753086
6,423,0.592593,0.753086,0.753086,0.753086,0.753086
6,424,0.592593,0.777777,0.753086,0.814814,0.814814
6,425,0.592593,0.666666,0.962963,0.814814,0.888888
6,426,0.666667,0.666666,0.888888,1,0.888888
6,427,0.592593,0.666666,0.814814,0.962963,0.888888
6,428,0.592593,0.753086,0.753086,0.753086,0.753086
6,429,0.592593,0.777777,0.753086,0.777777,0.814814
6,430,0.740741,0.888888,0.962963,0.888888,0.814814
6,431,0.666667,0.666666,0.888888,1,0.888888
6,432,0.333333,0.925925,0.777777,1,0.333333
6,433,0.444444,0.74074,0.74074,0.975308,0.444444
6,434,0.444444,0.74074,0.666666,0.975308,0.444444
6,435,0.444444,0.74074,0.777777,1,0.555555
6,436,0.444444,0.74074,0.777777,1,0.555555
6,437,0.444444,0.74074,0.777777,1,0.555555
6,438,0.555556,0.777777,0.925925,1,0.555555
6,439,0.444444,0.666666,0.74074,0.975308,0.444444
6,440,0.444444,0.666666,0.74074,0.864197,0.444444
6,441,0.444444,0.666666,0.74074,0.975308,0.444444
6,442,0.444444,0.666666,0.666666,0.975308,0.444444
6,443,0.666667,0.666666,0.888888,1,1
6,444,0.666667,0.666666,0.888888,0.888888,1
6,445,0.592593,0.753086,0.814814,0.777777,0.814814
6,446,0.592593,0.814814,0.753086,0.777777,0.814814
6,447,0.666667,0.888888,0.888888,0.666666,1
6,448,0.345679,0.691358,0.691358,0.691358,0.345679
6,449,0.345679,0.691358,0.691358,0.839506,0.345679
6,450,0.740741,0.888888,0.962963,0.888888,0.814814
6,451,0.666667,0.666666,0.962963,0.888888,0.962963
6,452,0.444444,0.666666,0.962963,0.666666,1
6,453,0.345679,0.580247,0.691358,0.691358,0.419753
6,454,0.345679,0.580247,0.691358,0.691358,0.345679
6,455,0.345679,0.679012,0.753086,0.901234,0.419753
6,456,0.345679,0.580247,0.691358,0.839506,0.345679
6,457,0.592593,0.666666,0.814814,0.888888,1
6,458,0.592593,0.753086,0.753086,0.753086,0.753086
6,459,0.592593,0.777777,0.753086,0.814814,0.814814
6,460,0.592593,0.777777,0.753086,0.814814,0.777777
6,461,0.666667,0.666666,0.888888,1,0.888888
6,462,0.592593,0.666666,0.814814,0.962963,0.888888
6,463,0.592593,0.777777,0.753086,0.814814,0.814814
6,464,0.592593,0.777777,0.753086,0.814814,0.814814
6,465,0.666667,0.666666,0.888888,1,0.888888
6,466,0.444444,0.74074,0.777777,0.925925,0.555555
6,467,0.555556,0.777777,0.925925,0.925925,0.555555
6,468,0.444444,0.666666,0.74074,0.864197,0.444444
6,469,0.555556,0.777777,0.925925,0.925925,0.555555
6,470,0.333333,0.777777,0.925925,0.925925,0.333333
6,471,0.444444,0.666666,0.74074,0.864197,0.444444
6,472,0.555556,0.777777,1,0.666666,1
6,473,0.444444,0.666666,0.74074,0.444444,0.975308
6,474,0.345679,0.691358,0.691358,0.345679,0.691358
6,475,0.345679,0.691358,0.691358,0.345679,0.839506
6,476,0.333333,0.777777,0.925925,0.333333,1
6,477,0.444444,0.74074,0.74074,0.444444,0.975308
6,478,0.444444,0.666666,0.925925,0.555555,0.925925
6,479,0.444444,0.666666,0.925925,0.555555,1
6,480,0.345679,0.580247,0.691358,0.345679,0.839506
6,481,0.444444,0.666666,0.839506,0.481481,0.74074
6,482,0.493827,0.666666,0.753086,0.567901,0.753086
6,483,0.444444,0.666666,0.925925,0.555555,0.925925
6,484,0.444444,0.666666,0.74074,0.444444,0.975308
6,485,0.345679,0.580247,0.691358,0.345679,0.839506
6,486,0.444444,0.666666,0.74074,0.481481,0.839506
6,487,0.444444,0.666666,0.839506,0.481481,0.925925
6,488,0.444444,0.666666,0.962963,0.555555,0.962963
6,489,0.592593,0.666666,0.814814,0.888888,0.962963
6,490,0.666667,0.666666,0.888888,1,0.888888
6,491,0.444444,0.666666,0.74074,0.444444,0.839506
6,492,0.345679,0.555555,0.839506,0.345679,0.839506
6,493,0.345679,0.555555,0.691358,0.345679,0.839506
6,494,0.592593,0.666666,0.814814,0.888888,0.962963
6,495,0.814815,1,0.888888,0.888888,1
6,496,0.592593,0.814814,0.753086,0.814814,0.777777
6,497,0.666667,0.888888,0.888888,1,0.666666
6,498,0.592593,0.814814,0.753086,0.814814,0.777777
6,499,0.666667,0.888888,0.888888,1,0.666666
6,500,0.666667,0.888888,0.888888,1,0.666666
6,501,0.666667,0.888888,0.962963,1,0.666666
